CUBE_SIMPLE Left
Material 0.0 0.2 0.0
-2.0 -2.0 -2.0
2.0 2.0 -1.95
0.9 0.1 0.1
CUBE_SIMPLE Right
Material 0.0 0.2 0.0
-2.0 -2.0 1.95
2.0 2.0 2.0
0.1 0.9 0.1
CUBE_SIMPLE Bottom
Material 0.0 0.2 0.0
-2.0 -2.0 -2.0
2.0 -1.95 2.0
0.8 0.8 0.8
CUBE_SIMPLE Top
Material 0.0 0.2 0.0
-2.0 1.95 -2.0
2.0 2.0 2.0
0.8 0.8 0.8
CUBE_SIMPLE Back
Material 0.0 0.2 0.0
-2.0 -2.0 -2.0
-1.95 2.0 2.0
0.9 0.9 0.9
CUBE_SIMPLE Light
Material 1.0 0.2 0.0
-0.5 1.93 -0.5
0.5 1.95 0.5
0.9 0.9 0.9
CUBE High
Material 0.0 0.95 0.0
-1.4 0.6 -1.2
-1.7 0.6 0.0
-0.5 0.6 0.3
-0.2 0.6 -0.9
-0.2 -2.0 -0.9
-0.5 -2.0 0.3
-1.7 -2.0 0.0
-1.4 -2.0 -1.2
1.0 1.0 1.0
CUBE Low
Material 0.0 0.1 0.0
0.1 -0.6 0.3
0.4 -0.6 1.0
1.1 -0.6 0.7
0.8 -0.6 0.0
0.8 -2.0 0.0
1.1 -2.0 0.7
0.4 -2.0 1.0
0.1 -2.0 0.3
1.0 1.0 1.0